476319483 7 20 0 0 0|3 2295 2.66066e+06 0 1264|3 20 186 1 11|
  1    0   0   0|84 77 14 84 68 21 86 34|0 0 0 0 0|0 0 0 0 0|
  2    0   0   0|98 68  3 33 48 16 16 65|0 0 0 0 0|0 0 0 0 0|
  3    0   0   0|69 84  5 70 32 98 85 52|1 1031 1.06296e+06 1031 1031|1 8 64 8 8|
  4    0   0   0|17 99 40 87 75 90 59 99|0 0 0 0 0|0 0 0 0 0|
  5    0   0   0|27  0 29 98 51 34 98 34|0 0 0 0 0|0 0 0 0 0|
  6    0   0   0|24 31 31 15 81 37 26 70|0 0 0 0 0|0 0 0 0 0|
  7    0   0   0|65 72 76 81 62 16 64 99|0 0 0 0 0|0 0 0 0 0|
  8    0   0   0|58 84 35 69 98 31 14 19|0 0 0 0 0|0 0 0 0 0|
  9    0   0   0|32 61  1 36  3 33  4 93|0 0 0 0 0|0 0 0 0 0|
 10    0   0   0|44 30 52 38 91 52 73 92|0 0 0 0 0|0 0 0 0 0|
 11    0   0   0|28 16 59 69 56 69 70 57|0 0 0 0 0|0 0 0 0 0|
 12    0   0   0|35 92  6 49  3 94 45 26|1 1264 1.5977e+06 1264 1264|1 11 121 11 11|
 13    0   0   0|74 36 45 49 27 78  2 10|0 0 0 0 0|0 0 0 0 0|
 14    0   0   0|19  6 50 65 74 33 14 83|0 0 0 0 0|0 0 0 0 0|
 15    0   0   0|38 15 24 47  1 24  7 65|0 0 0 0 0|0 0 0 0 0|
 16    0   0   0|77 98 17 97 67 76 40  9|0 0 0 0 0|0 0 0 0 0|
 17    0   0   0|28 60 81 25 61 21 23 73|1 0 0 0 0|1 1 1 1 1|
 18    0   0   0|44 94 16 27 78 31 13 57|0 0 0 0 0|0 0 0 0 0|
 19    0   0   0|79 14 93 46 13 86 83 38|0 0 0 0 0|0 0 0 0 0|
 20    0   0   0|21 16 24 87 66  9 74 36|0 0 0 0 0|0 0 0 0 0|
