476668903 7 20 0 0 0|7 5711 7.74351e+06 21 1632|7 40 310 1 10|
  1    0   0   0|48 43 66 35 91 43 83 35|0 0 0 0 0|0 0 0 0 0|
  2    0   0   0|52 26 96 71 32 30 28 60|0 0 0 0 0|0 0 0 0 0|
  3    0   0   0|55 98 10  3  3 98  6 63|0 0 0 0 0|0 0 0 0 0|
  4    0   0   0|82 98 89 18 68 49 90 49|0 0 0 0 0|0 0 0 0 0|
  5    0   0   0|92 69 11 27 43 38 77 77|1 1611 2.59532e+06 1611 1611|1 8 64 8 8|
  6    0   0   0|28 40 13 67  5 53  6 40|1 1236 1.5277e+06 1236 1236|1 10 100 10 10|
  7    0   0   0|97  6 52 67 38 38 87 89|1 953 908209 953 953|1 8 64 8 8|
  8    0   0   0|69 56 64  9 32 29 23 22|0 0 0 0 0|0 0 0 0 0|
  9    0   0   0|33  7 88 83 76 79 39 25|0 0 0 0 0|0 0 0 0 0|
 10    0   0   0|61 64 19 36 95 90  4 36|0 0 0 0 0|0 0 0 0 0|
 11    0   0   0|69 41  2  4 83 52 87 55|0 0 0 0 0|0 0 0 0 0|
 12    0   0   0|61 93 37 35 90 55 22 90|0 0 0 0 0|0 0 0 0 0|
 13    0   0   0|59 16 19  3 28 97 62 80|0 0 0 0 0|0 0 0 0 0|
 14    0   0   0|34 24  8 52  1 48 19 27|1 42 1764 42 42|1 1 1 1 1|
 15    0   0   0|65 66 25 49 99 49 77 49|1 21 441 21 21|1 1 1 1 1|
 16    0   0   0|27  9 22 12 58 94 97  7|1 216 46656 216 216|1 4 16 4 4|
 17    0   0   0|14  2 78 26  6 62  1 49|0 0 0 0 0|0 0 0 0 0|
 18    0   0   0|35 68 31 22 85 63 43 22|0 0 0 0 0|0 0 0 0 0|
 19    0   0   0|53 90 38  8  2 98 80 13|0 0 0 0 0|0 0 0 0 0|
 20    0   0   0|57 67  5 51 94 32 31  8|1 1632 2.66342e+06 1632 1632|1 8 64 8 8|
