476334990 102 84 62 0 2|87 125822 3.61881e+08 0 5786|87 716 9004 1 25|
 57   67  52  21|59 11 95 60 17 56 56 31|1 2917 8.50889e+06 2917 2917|1 13 169 13 13|
 38   47  11  21|57 84 73 86 38 20 82 68|1 3636 1.32205e+07 3636 3636|1 16 256 16 16|
 74   89  45  40|57 84 59 58 52 49 68 76|1 3431 1.17718e+07 3431 3431|1 14 196 14 14|
 33   42  32  12|84 97 53 60 59 75 68 76|1 5786 3.34778e+07 5786 5786|1 25 625 25 25|
 84  102  68  64|49 44 10 73 26 57  2 76|1 29 841 29 29|1 1 1 1 1|
 34   43   5   0|49 44 10 73 26 57 96 76|1 4628 2.14184e+07 4628 4628|1 19 361 19 19|
 73   88  64  21|49 44 10 73 26 57 68 68|1 3687 1.3594e+07 3687 3687|1 16 256 16 16|
 45   54  12  38|57 84 73 86 24 17 16  1|1 4534 2.05572e+07 4534 4534|1 20 400 20 20|
 81   98  38  65|84 11 95 89 75  7 46 68|1 2626 6.89588e+06 2626 2626|1 13 169 13 13|
 10    0   0   0|22 63 59 58 52 49  2 57|2 4714 2.07645e+07 160 4554|2 18 260 2 16|
 39   48   9  12|84 97  6 89 81 72 90  1|1 3081 9.49256e+06 3081 3081|1 13 169 13 13|
 68   83  61  64|49 44 10 73 26 49  2 76|1 4117 1.69497e+07 4117 4117|1 19 361 19 19|
 31   40  10  16|22 77 53 60 17 56 56 31|1 2994 8.96404e+06 2994 2994|1 17 289 17 17|
 64   75  33  34|49 44 10 73 26 57 68 76|1 4101 1.68182e+07 4101 4101|1 17 289 17 17|
 65   76  21  33|84 11 95 89 72  7 49 68|1 3889 1.51243e+07 3889 3889|1 18 324 18 18|
 52   61  31  34|49 44 53 60 17 56 56 31|1 3087 9.52957e+06 3087 3087|1 13 169 13 13|
 82   99  70  68|49 44 10 48 59 56 56 31|1 3326 1.10623e+07 3326 3326|1 17 289 17 17|
 23   32   6   5|95 53 76 48 59 75 68 76|1 3351 1.12292e+07 3351 3351|1 13 169 13 13|
 79   96  42  70|84 97 53 48 59 56 56 31|1 3330 1.10889e+07 3330 3330|1 14 196 14 14|
 40   49  24  23|49 44 59 58 52 49 68 76|1 3483 1.21313e+07 3483 3483|1 16 256 16 16|
