Count 98, sum 135661, start 476334989, saved 98
it|31 13|49 53|0 0|34 51 95 1 4|53 224 1874 0 19|0 0 0 0 0|
giant ant|886 819|627 745|135 80|424 733 1467 1 7|745 1175 5139 0 6|50 78 146 1 3|
bat|934 591|373 411|157 68|466 532 666 1 3|411 603 1021 0 2.10383|56 68 94 1 3|
centaur|410 601|129 734|89 136|210 524 1472 1 6|734 3850 26200 0 13|37 136 604 1 8|
dragon|0 3|0 3|0 0|0 0 0 0 0|3 52 1552 0 36|0 0 0 0 0|
floating eye|10 30|0 0|75 214|22 26 34 1 2|0 0 0 0 0|148 213 359 1 4|
violet fungi|6 36|10 30|0 0|11 36 126 2 5|30 40 196 0 3.55134|0 0 0 0 0|
gnome|287 428|252 206|18 23|363 419 539 1 3|206 735 3405 0 7|23 32 80 1 7|
hobgoblin|670 672|472 512|75 53|555 634 796 1 3|512 2211 12359 0 8|44 57 85 1 3|
invisible stalker|12 38|10 56|0 0|10 35 139 1 6|56 509 5755 0 17|0 0 0 0 0|
jackal|446 586|323 371|51 49|460 545 715 1 2|371 541 909 0 2.08599|42 49 63 1 2|
kobold|396 501|296 335|68 62|409 463 571 1 2|335 822 2514 0 6|50 63 89 1 2|
leprechaun|6 25|16 14|59 203|12 19 33 1 2|14 0 0 0 0|55 184 688 1 6|
mimic|0 4|1 2|0 0|1 6 36 6 6|2 16 130 7 9|0 0 0 0 0|
nymph|0 7|5 6|12 107|1 3 9 3 3|6 0 0 0 0|32 105 387 1 6|
orc|315 595|291 291|22 15|495 574 742 1 4|291 1295 7417 0 8|12 15 21 1 2|
purple worm|0 2|0 2|0 0|0 0 0 0 0|2 38 754 15 23|0 0 0 0 0|
quasit|319 381|44 530|3 1|181 369 879 1 6|530 1808 8174 0 8|1 1 1 1 1|
rust monster|743 851|106 1511|7 2|239 833 3197 1 9|1511 41 731 0 1|6 10 20 1 3|
snake|692 655|462 526|68 58|533 623 813 1 4|526 1008 2332 0 3|48 58 80 1 3|
troll|94 228|10 290|0 1|54 163 547 1 5|290 3298 47202 0 24|0 0 0 0 0|
umber hulk|0 4|1 14|0 0|1 1 1 1 1|14 186 3084 0 24|0 0 0 0 0|
vampire|7 12|3 10|0 0|4 13 45 2 4|10 40 304 0 10|0 0 0 0 0|
wraith|51 121|57 92|4 3|43 115 333 1 5|92 329 2127 0 7.03504|1 3 9 3 3|
xorn|55 32|1 98|0 0|9 20 50 1 4|98 1295 21737 1 27|0 0 0 0 0|
yeti|81 288|57 253|1 2|110 285 807 1 5|253 1337 9589 0 8.55633|2 2 2 1 1|
zombie|267 786|373 399|5 24|443 757 1517 1 6|399 1731 10193 0 10|16 25 51 1 4|
